1.546437543790929681e+01
-5.799483559439043923e+00
-2.875361107361677604e+00
-1.083173703068970006e+01
-4.132506937763057664e+00
-1.338387550963622052e+00
1.793249005344947244e+00
-1.135621759782571072e+00
-2.304302112665039814e+00
6.325650212757627067e+00
2.915778746927806253e+00
-1.216119080592781287e+01
-1.663916720081082090e+01
-1.377788934429191148e+00
8.643715150610585596e+00
-5.406740882554601946e+00
8.953984501530705131e+00
2.295518912626714148e+00
-1.499317804987057379e+01
4.399648383892077241e+00
1.863369135143370769e+00
-8.893805963274865611e-01
7.627333367288422927e+00
1.283699043672157636e+01
8.634787647416366951e+00
-9.050229491412652649e+00
-1.362813351950587304e+01
4.828882857778004301e+00
2.934531958004947594e+00
1.009117734776298292e+01
-1.259776898300080994e+00
1.315840487593597175e+01
1.488838961771067737e+01
1.540754786801490894e+01
6.177578301878571487e+00
-6.395576802086182511e+00
4.465974812919787595e+00
6.874251206236420941e+00
-1.249280217432825602e+01
3.210087731586265480e+00
-6.044780528824675869e+00
-1.198581983580237242e+01
-1.631321518099390389e+01
-6.736046556158783893e+00
